788.0957346825948,340.903305411592
779.7936958595052,346.4698225922333
771.668508435917,352.2993557050609
763.7937294611709,358.4509451003745
756.1717872012175,364.9172183190239
748.8139468116354,371.6886033396298
741.7300954340743,378.76199776234006
734.9503862606741,386.1162974425387
728.4951402092117,393.7391280188003
722.3660140922402,401.6421936866967
716.5949998388766,409.79978100953156
711.183845935762,418.2268504068255
706.1797532615107,426.8643577137467
701.5704326327772,435.74738381969576
697.3893794075342,444.82624231891566
693.6405496225244,454.10160259995075
690.3386669561547,463.5437905314469
687.4928420517272,473.1234514022748
685.1025534372125,482.8316133849883
683.1694386062911,492.64187293711586
681.6909540838475,502.5281595419423
680.6589033451485,512.4869578311423
680.0674787468336,522.4606968860837
679.9022114422405,532.4581116577176
680.1448604822706,542.4534397342605
680.7998778475239,552.4320761753763
681.8831419851557,562.3830468713029
683.4035975208637,572.2578334784203
685.3763763295326,582.0685915612922
687.8008491152273,591.7559817045116
690.6884243677921,601.3295076666127
694.0402705180911,610.7629278927784
697.8447523469373,620.0105925758058
702.0920743607961,629.049097172386
706.7877320412749,637.8904889137436
711.8949991890049,646.4728901109913
717.4110524453223,654.8051852606236
723.3194634456222,662.8743293941673
729.5981862713244,670.6638882454596
736.2181135947608,678.1540523985793
743.1656382452564,685.3456349036903
750.4166824099314,692.2283414161761
757.9559585936751,698.800580689394
765.7569184443331,705.050063253066
773.814135197498,710.9794793274542
782.1111815137529,716.5777529070399
790.6200184966219,721.8204422769238
799.3574959054167,726.6963173357842
808.3030369456988,731.1319874019114
813.11809775196,737.1663906788452
810.059215119091,746.6988729747274
806.7349403235769,756.1295969365601
803.209452214986,765.4748647998177
799.4990943738717,774.7563807500769
795.6161299990023,783.9723023494472
791.5690655005243,793.1167868274143
787.3586390563448,802.1943180590448
782.9917098805654,811.1916537265413
778.4683049825194,820.1076209850812
773.7869906582933,828.9413263844226
768.9427673034972,837.696114171811
763.9443028921719,846.3495999281072
758.7813216818518,854.9119653632365
753.4534364467079,863.3746145922369
747.9570815783277,871.7333162015343
742.292950014278,879.9655593568428
736.5575722725973,888.1566930154017
730.7663641580186,896.3190061042619
724.9075918626712,904.4193563700015
718.953055319263,912.4456824475786
712.8652260823606,920.3941177773978
706.6381622822266,928.2151399892095
700.2316960849943,935.8984066708856
693.6204451295691,943.4080627345392
686.7861965005063,950.6946083191588
679.6823657989021,957.7313086223464
672.2771060186208,964.4652863674887
664.5646766191464,970.8143055504728
656.5003811274686,976.7236508716016
648.0659875865874,982.1100815945999
639.2845383456183,986.8676108522169
630.1518045825212,990.915931948836
620.6878310637547,994.172753095813
610.9876586236436,996.5562292736169
601.0905248389549,998.0340332186053
591.1177185630057,998.5934121562992
581.1248784454423,998.3729706555837
571.167427839476,997.5255553523416
561.2782732370607,996.00447936268
551.5263643279734,993.8009419473051
541.9396846211778,990.954741947527
532.5360800448454,987.5707943414105
523.2745793430033,983.8003598754435
514.0935569862834,979.833281106688
504.90351899547227,975.8658729376416
495.64820590444765,972.09532902417
486.2593701003045,968.6744478295236
476.7006224927802,965.7169757585175
466.9916650457874,963.2991324874833
457.1665231434811,961.4489572678499
447.25666534304605,960.1565295815467
437.29530103892307,959.3896822475594
427.3021069154395,959.1042227498506
417.2891192982145,959.2763373938592
407.3167104530496,959.9428007131442
397.3918206379559,961.1319977958196
387.5350025369455,962.8606830553704
377.79549155235276,965.1201805114747
368.19671562017163,967.8776807175948
358.72631399525693,971.0794125534826
349.3656508825718,974.6411204695701
340.12255763235817,978.4321234918111
330.90728389894343,982.3307225620372
321.6838500118697,986.1722821114582
312.37031488250204,989.8015070133608
302.9011128122728,993.0595016381469
293.2952355145592,995.7822595568372
283.5062540635802,997.8662563165211
273.59968826050886,999.2300798059673
263.62739293966047,999.8533420710444
253.64231562511839,999.6991598680963
243.69368031131387,998.5552327924072
233.94345885660343,996.4093164852804
224.43596350000706,993.2990468109185
215.26693664523452,989.3171406199965
206.47167116859646,984.5722243574048
198.06223692185003,979.1805536123921
190.01262965798367,973.2394663333891
182.31800842285148,966.8586181640624
174.93018541708702,960.1055188164739
167.8412034427935,953.0727425756979
160.98330031472003,945.7825716059372
154.34595668960253,938.302719638725
147.89437287835153,930.6659274407095
141.59611609274276,922.8970819070003
135.4294717990914,915.0257083291056
129.3742678954303,907.0767492393045
123.39381590209834,899.0469137540015
117.48791582904948,890.9765425247954
111.63956754705657,882.8798475488568
105.81423350470129,874.7426605947314
100.1088403824302,866.5360550165701
94.58522816661852,858.184476815036
89.24620391241879,849.7298381081033
84.0838476774716,841.1798063830656
79.08045909351998,832.5215559504504
74.23851327621372,823.77333072545
69.55059861478506,814.9343442167738
65.01891404648555,806.0200243556479
60.63628338991353,797.0262358722922
56.404849609041285,787.9660613375088
52.32645684382802,778.8520433822981
48.38606444618851,769.656615211653
44.59047751850906,760.3996838397047
40.93801975250242,751.0810535430908
37.43486921709626,741.7202689301645
34.07562597621511,732.3058665052652
30.859319231453888,722.8357229335479
27.792082713181287,713.3282800577887
24.866633960878232,703.7594500706415
22.092519552999867,694.1577368642087
19.46651538412943,684.5088264379598
16.991993248034937,674.8194936644651
14.669748061236678,665.085474023099
12.505909974234507,655.3242216472302
10.501529876994663,645.5312269025568
8.658337979512996,635.701745440273
6.9805852743097585,625.8419865752961
5.472522753905195,615.9581596225432
4.135596156120299,606.0341573238372
2.978873900067276,596.1096349994646
2.003038816710614,586.1573402585534
1.214413373498246,576.1946960567496
0.6173891326367994,566.2168547983351
0.21695093172602356,556.2079500867984
0.02060449394639363,546.2190677457796
0.034927991402184944,536.2189984714356
0.27530664047109216,526.2142360276943
0.7495179466794071,516.2235383567593
1.463941551541484,506.2553405899648
2.4265152592254706,496.3018048573217
3.6442918580367403,486.3726346088031
5.121457299528095,476.4935314770656
6.869245039501073,466.64267306922613
8.891597376792594,456.84648501837785
11.19430003269864,447.1154773252411
13.782770133729777,437.4603663912355
16.66651845048027,427.87797178407396
19.84156232950072,418.40799616843066
23.32141051478715,409.0339467346449
27.105289219223323,399.78150934385803
31.20235780143694,390.6498442662135
35.60382899937382,381.6766245536423
40.317478106621365,372.8610738374088
45.351903482214404,364.2041832693033
50.687327558905146,355.75304572362626
56.33748423007738,347.49682612898056
62.286452726053085,339.46913852860337
68.53987288539763,331.67099119877594
75.09549856786273,324.1146553542677
81.93293335949647,316.8305390411142
89.06510435524397,309.8116222874028
96.4600431548024,303.0950110383244
104.12978916277062,296.67442192744636
112.04873455993521,290.57606415600554
120.22874508480963,284.79571533430027
128.62181184779195,279.37059975573885
137.23834559691215,274.2958006164252
146.05821341447034,269.5862344439358
155.06011322510824,265.25503086837523
164.25418464421563,261.3003333231784
173.60741150704825,257.73982006198275
183.08531924277185,254.5873904603086
192.6969174163147,251.84137691676403
202.41794500712422,249.5113836762524
212.2460997015238,247.60121059566734
222.12223131807406,246.1239169549633
232.07733312717394,245.07705474590728
242.05148220062256,244.46975164413448
252.05740990897175,244.30522391437546
262.04421750972654,244.71046517130083
271.99762126163114,245.73163413074792
281.86207032284767,247.3130512712297
291.64137598641753,249.39813946776144
301.3162810876238,251.9218004424765
310.8897731870966,254.81977305826146
320.36371368282016,258.02458163143086
329.74906459437625,261.4684095137228
339.0746140509782,265.0863607338069
348.3451608537067,268.79826737419273
357.61991781933176,272.53602230739193
366.9301374886945,276.2048683387321
376.2989505781112,279.6828638431041
385.79219996908216,282.82683299905614
395.45770537108183,285.4277332276105
405.2909541017831,287.18044488030205
415.279447035199,287.66969701087794
425.2010424719503,286.56005091497644
434.9441999828743,284.3221735206854
444.51679240241646,281.4003479301929
453.9400050630282,278.0779026926713
463.2820033976177,274.52594552537914
472.5882340114215,270.8650971253402
481.8858177275397,267.1888240285217
491.21735812232896,263.5633267754994
500.5711160116116,260.0621944940532
510.00976522212136,256.72233165498903
519.5118143961765,253.60596552565687
529.0934754834959,250.75723287217454
538.7627518458578,248.22049739399893
548.5305102821628,246.03792077755782
558.3581538022702,244.25931350115127
568.2719221983455,242.91853988571086
578.2339139894582,242.0569281883537
588.2322515868518,241.7066501229375
598.2162007269696,241.80217876631934
608.2103366660953,242.24244399212284
618.1758134446151,243.0502579045627
628.1085599780242,244.23125149094554
637.9965929311123,245.7899455143738
647.7994001962594,247.72587890711142
657.5181013214067,250.0459824491728
667.14533428518,252.75782209457273
676.6533589023959,255.86353531564922
686.0215300820332,259.36579799075713
695.2302150003718,263.2663790691195
704.25652131521,267.5638830146355
713.0858642835824,272.25891329938014
721.6958720114196,277.3460369617943
730.0551866629044,282.81011067631187
738.18003603783,288.66521220088794
746.0050060082843,294.863729721455
753.5538048511146,301.42020972807177
760.8104579359253,308.31763925547216
767.7486997055088,315.52260745490594
774.359433935464,323.0116262887444
780.6556073888597,330.7843400564704
786.625886850783,338.8099709553629
558.798913508026,153.6276603928398
564.7959665644945,145.6410586818123
570.449164896454,137.38268643363406
575.7337315360537,128.90343550240664
580.6636899667768,120.18940392638378
585.2140738456774,111.28666325567772
589.37826409017,102.2077037889583
593.1543424848584,92.94497627337694
596.5230653649573,83.52330586802543
599.4654252742481,73.96724934712744
601.9669250985883,64.28278669734262
604.0063662942811,54.49341707951295
605.5625503176298,44.62263965448053
606.6157672343733,34.675250876946635
607.1413118934399,24.693367470916712
607.0823200166226,14.69700974822041
606.1676010608674,4.739395952224697
600.1354808760756,0.29453766949223875
590.1941213788916,1.3993694947973936
580.3484947910985,3.141223609627888
570.618164042973,5.452886967763298
561.0343352242592,8.275066635472433
551.5833529980927,11.571496695309143
542.3059391088358,15.296284880970017
533.200924776008,19.424306680457775
524.2848656144637,23.929491390824076
515.5548050816432,28.80137106721446
507.027488861965,34.025086060858996
498.7207724348971,39.58917867284396
490.6374046146128,45.49810180559867
482.8181978887524,51.73406051560083
475.2893791030258,58.292894269098866
468.0521487611141,65.2014543317367
461.1618692177907,72.44602969357724
454.60082325633124,80.004619714721
448.3797080785968,87.82897748770188
442.51224300860054,95.91693171348157
436.9875907421671,104.25304835910624
431.8119169220911,112.81351419092385
426.9989732669098,121.57196753895164
422.5538389737473,130.5279543616061
418.49236873826015,139.67325007049362
414.8461989533273,148.97012976460388
411.6221192660147,158.45476439179123
408.8675608241016,168.05982709786417
406.6065873628264,177.79069451167737
404.8729997058666,187.63649035055255
403.7062535955222,197.56830170211612
403.1458047740927,207.5572156539945
403.3474258452654,217.54668444469564
404.60185546875005,227.46970214843742
412.9564460564404,230.4552781410515
422.9400819655621,230.60946676814868
432.9136412185635,229.7603464416663
442.7759436035438,228.12492682963287
452.4907781081973,225.81062858105864
462.0559981450439,222.89381922855972
471.4449772140087,219.43929229304754
480.63862763681277,215.49786767932216
489.62296623360885,211.10817213384283
498.38689800747386,206.29821305928775
506.9201563258754,201.0867798777037
515.194883062222,195.4963853019246
523.214278447369,189.52083540841264
530.9440402360633,183.17136560557407
538.346102440311,176.45702829793498
545.4045338494703,169.35663246558977
552.0520684921609,161.88807125381405
