807,462.0038808584213
807,463.9965863379184
807,465.999891445128
807,467.993957627652
807,469.99659363925457
807,472.00053090043366
807,473.9981437176466
807,476.0003007233281
807,478.0003291038265
807,480.00032935352647
807,482.00929804940824
807,484.0001536887139
807,486.00258663417844
807,487.9936010952515
807,490.0088149069343
807,491.9977158183174
807,493.9986007748412
807,495.99126717748004
807,498.00144557500244
807,499.9939919618482
807,501.99549215632214
807,504.0019632577896
807,505.9938670396805
807,507.99836978739404
807,509.9959256153961
807,511.9978987209033
807,513.9999093101251
807,515.9973853062293
807,518.0004034527628
807,520.0032837892759
807,521.9999209340058
807,523.9977759569883
807,526.0023979035141
807,528.003706005431
807,530.0032726377249
807,531.9993688613176
807,533.9978027511388
807,535.9966184487275
807,538.0040557179309
807,540.0079747841228
807,542.0001989956945
807,543.9997720129322
807,546.0011582651641
807.9955774992704,547
810.0057983398438,547
812.001098671928,547
813.9976305216551,547
816.0079829841852,547
818,546.9936246871948
818,544.9925387632102
818,543.0021073848475
818,541.0031815192197
818,538.992237890372
818,536.9938319029752
818,535.0039526242763
818,532.9910087485332
818,530.9980023315002
818,529.0001824946667
818,526.9954628106207
818,525.007834990276
818,523.002177518094
818,520.9906363177579
818,518.9986524432898
818,516.9960485834163
818,514.9992105916608
818,512.9911030437797
819.0067159938812,511.9887352257967
821.0061233043671,511.9361077696085
822.9997837714851,511.879537232453
824.994365952164,511.8387796457391
826.9939581358433,511.8276002895087
829.00606966421,511.8607250331436
830.9957254247367,511.9560231777374
832.9833985984326,512.1429749075323
834.9639707170427,512.4772176325787
836.8699918258189,513.0762410525233
838.5005218029022,514.2061577796936
839.7910488815605,515.7194274410606
840.8753324985504,517.3976603507996
841.8355204105377,519.1581329154968
842.7291015625,520.948359375
843.6373147368431,522.7290630340576
844.578125,524.5
845.5166781367734,526.2666882574558
846.4513735147193,528.0261148512363
847.3879509950057,529.789084225893
848.3294666903093,531.5613490641117
849.2685982510448,533.3291261196136
850.2107141241431,535.1025207042694
851.1455151205882,536.8621461093426
852.0643517072499,538.6375006908924
852.9362343408168,540.437777781859
853.847368426472,542.2161346939952
854.8536188983917,543.9376705980301
856.0661531925201,545.5200353860855
857.7750007349252,546.5128480827808
859.744529677108,546.8807531191409
861.734968859302,547.0318230464495
863.7463679846376,547.0770567469299
865.7354938357789,547.0617877311446
867.74619140625,547.0181640625
868.6528625488281,546.3404388427734
867.7261214992031,544.579630848486
866.7928450284526,542.8064055540599
865.8640065239742,541.041612395551
864.9285948053002,539.2643301300704
863.9983063951368,537.4967821507598
863.0670081740245,535.7273155306466
862.1381227570819,533.9624332384556
861.2030460002134,532.1857874004054
860.2713476689532,530.4155605710112
859.3441778483102,528.6539379117894
858.4143605232239,526.8872849941254
857.4818005561829,525.1154210567474
856.5468906434253,523.339092222508
855.6180501272902,521.5742952418514
854.6843798042974,519.800321628165
853.7523995069787,518.0295590632595
852.8207237189636,516.2593750660308
851.8868122026324,514.4849431850016
850.9540992379189,512.7127885520458
850.0262250481173,510.94982759142295
849.0981768965721,509.186536103487
850.7032626342773,508.42591674804686
852.5351376341412,507.6318406962557
854.2930606298894,506.6713384136558
855.9449369430542,505.5592674255371
857.4939829920571,504.292834417292
858.9223417744786,502.88570061951873
860.2155692354136,501.35554412233176
861.3628003439214,499.7233783645556
862.3627229978645,498.001642487715
863.2189369936641,496.19117126244527
863.9233060330153,494.3152664542198
864.4715078102297,492.39887336813376
864.8671361154411,490.44282418657093
865.108878846512,488.45955805105626
865.1954239013046,486.4615141031146
865.1254591776815,484.46113148427105
864.8976725735049,482.47084933605043
864.5107519866374,480.50310679997784
863.9673569301139,478.58243971377203
863.2642529786099,476.7085144603625
862.4061687771231,474.90488366633656
861.3949102542224,473.18228648279614
860.2323118513123,471.5510131609364
858.9384017828386,470.04028290417045
857.5009873657662,468.63737607130315
855.9552737497631,467.3756622149422
854.2909349456615,466.25321051639503
852.5299723804928,465.3391058547888
850.6664202427842,464.58619796719745
848.7664588196017,463.97627224371763
846.8273887270898,463.47501543433054
844.8778589974343,463.06645866714416
842.8937143955031,462.7290461690503
840.9164310587221,462.4571962209756
838.9368498590472,462.2387446549337
836.9415821339003,462.0646038849186
834.9408667934126,461.9296992298681
832.9442481341189,461.829247097898
830.9471666281115,461.75835926973684
828.944364237506,461.7130592257995
826.9438297777317,461.6901439305434
824.9535520642181,461.68641034842585
822.942057191825,461.6990439369215
820.9450880728618,461.72511210044104
818.9465819683243,461.7618969816099
816.9458345333898,461.8065026824911
814.9449188227952,461.85563426323233
812.9381116799824,461.90558650995604
810.9483074401462,461.95097000288035
808.9515156148863,461.98578899625807
818,501.60442358255386
818,499.60573476552963
818,497.6078216433525
818,495.61837381124496
818,493.6151627898216
818,491.60534746199846
818,489.6145324707031
818,487.60924404859543
818,485.6187176927924
818,483.6013122200966
818,481.61108857393265
818,479.6175076365471
818,477.61101097613573
818,475.6188995242119
818,473.6186943054199
818,471.61066818237305
819.3904176817206,470.9896315364144
821.390068428691,470.95286387987665
823.3907156175119,470.90775438345736
825.3869184779353,470.8665376918693
827.3816635262966,470.8378846371174
829.3904907164514,470.82931581855985
831.3887166385352,470.8485003890097
833.3845797143528,470.9035051881219
835.3861712646485,471.0046270751953
837.3832391235046,471.1643444993533
839.360658121109,471.3981468486786
841.3353310462273,471.7333327771537
843.2762205666862,472.2047358532436
845.1677471463569,472.8774853791855
846.9204205719475,473.8172813251335
848.5390511590708,475.00554846503775
849.9644480752945,476.39282089710235
851.1944894551893,477.9746316115174
852.198236913333,479.7053401534923
852.964783925264,481.5443367404246
853.4972553223372,483.47851788938044
853.7871391430218,485.4486610844824
853.8394442629069,487.44114447675645
853.6516224119591,489.4430568370048
853.2265048294037,491.3941090161016
852.563430291462,493.2815535445849
851.6703626907617,495.0630062011629
850.5528043538332,496.7130777174234
849.216218441088,498.20768453341094
847.6932447560748,499.50391559812357
846.0153440451727,500.5815259528125
844.1924331811315,501.4054943524825
842.2769153001067,501.99849463968536
840.324363866523,502.4228308535367
838.3554177773838,502.7237751019094
836.355010130331,502.9339688091725
834.3687517999497,503.0702180721902
832.37764477022,503.1505018491298
830.3728061189397,503.1867628308374
828.3748535361607,503.18843836058863
826.3597649049759,503.1642082262039
824.3667013138532,503.1230906122923
822.3665800831747,503.0737720974069
820.3721603643149,503.0277046316117
818.3666735458374,503.00085597991944
872.0557412788273,547.0000693055988
874.0497548556327,547.0462360644341
876.0480475241319,547.0918039393797
878.0564696237444,547.0703742954134
880.0487834739685,546.921316127777
882.0078867003322,546.5427746102214
883.8147010803222,545.7014881896972
885.147464877963,544.2252046287059
886.1678996736556,542.5049672229587
886.9392869930714,540.6686657063663
887.5504835140425,538.752986233402
888.0634812349826,536.8376228745282
888.5621522527933,534.8928103601932
889.1084004864376,532.9676306621544
889.778918761611,531.091671756506
890.6733465160115,529.297852005253
891.8768220089655,527.7010483653658
893.4226586914062,526.4352978515625
895.2193010122329,525.5945474727451
897.166772437183,525.1417621488101
899.1729011535645,525
901.1593528613448,525
903.1683105751872,525
905.1638531088829,525
907.1636118516326,525
909.1611266145483,525
911.1672133496031,525
913.1614076495171,525
915.1674630269408,525
917.154296875,525
919.1556790721415,524.9997504615783
921.1652642653883,524.9950130581856
923.1577433262765,525.0728902745246
925.1449364566802,525.3799369812011
926.8961179237812,526.299217164237
928.2227159887552,527.7914202176034
929.2404508703947,529.5074074991047
930.0749343639612,531.3217651198805
930.795564485714,533.1760686387308
931.4583592691924,535.07436432807
932.0850540260226,536.9684956241214
932.7114806597681,538.8629138094373
933.3737003544718,540.7503798384033
934.1264806809277,542.6193640632368
935.0518728637696,544.3853862762451
936.3953865244985,545.8492963835597
938.2228555902839,546.6058310046792
940.1904629209638,546.9487386867404
942.194074895382,547.0786228203773
944.1964867177978,547.0887340083345
946.193961467743,547.0388354682923
947.9277099609375,546.8135375976562
947.2041932187974,544.9473237786442
946.4850657538161,543.0924315078591
945.7636681079864,541.2316836118698
945.0351367212832,539.352535193786
944.3154697257676,537.4962512767815
943.5888737079338,535.6220948815753
942.8700294546783,533.7679331172258
942.1473409928265,531.9038557354652
941.4201341930427,530.0281239106262
940.7026571756112,528.1774887466163
939.974611703027,526.2995936784428
939.2569859325886,524.4485748261213
938.5312998392459,522.5767654583724
937.8092193936303,520.7142563724592
937.0843236257206,518.8444855425332
936.3635429327157,516.9853289931161
935.6399285157211,515.1188632349949
934.9202203117311,513.2624730262905
934.1927132402197,511.385966691043
933.4688038892112,509.5187401904259
932.7506618764135,507.6663897605904
932.0225989661179,505.7884497141931
931.3052185755805,503.9380637862196
930.5793521572996,502.06578929462194
929.8531140066683,500.192555969581
929.1346238982514,498.3393076740613
928.4083445088006,496.4659679790493
927.6886934526265,494.6097251754254
926.9612674713135,492.7334280014038
926.2379523131065,490.8677341409493
925.5207846052945,489.01789679937065
924.7984655030073,487.15477213077247
924.0756161875092,485.2902798487339
923.349773722887,483.41806714236736
922.615120588094,481.5626023669541
921.8369799896143,479.72163558518514
921.0566220790729,477.87542296756294
920.2761905248113,476.0290361196757
919.4963386833667,474.1840207874775
918.7224813079833,472.3531874847412
917.9439646681956,470.5113310442679
917.1592730052769,468.6548654027283
916.3847637243568,466.82248978689313
915.6083333186805,464.98556907102466
914.5765790557862,463.4073333740234
912.701068649292,462.70343811035156
910.8252801513671,462.07397766113286
908.8528877033293,462.42502732619647
906.88526512146,462.7752280426025
905.2645956099032,463.5778218626976
904.4596130721271,465.4076051786542
903.6554564367235,467.2355111590028
902.8485723407264,469.06961685382294
902.0405588133633,470.9062898275256
901.2366662745201,472.73359549736136
900.4333494959772,474.55959242254494
899.6267498803697,476.39305147293953
898.8186025081575,478.23002868562935
898.014138944,480.05863233715297
897.2478526592256,481.90787986293435
896.524485617876,483.7728105164133
895.8049482397736,485.6278678193339
895.0811809323728,487.49383040872635
894.3577423095703,489.35894560813904
893.6350989364088,491.22201055457117
892.9120134584606,493.08621530240634
892.186546510458,494.9565597777255
891.4640928641893,496.81913558451197
890.7396697998047,498.68678879737854
890.0144179798663,500.5565786456573
889.2972552351654,502.4055138468393
888.5743976593018,504.26913103461266
887.8487087249756,506.1400478184223
887.122872608155,508.01134405710036
886.3993995524943,509.87654802872567
885.6806311666966,511.72962277336046
884.9546841531061,513.6012049177734
884.2282941140235,515.4739292372833
883.508208066225,517.3304010792635
882.782508468628,519.2013453543186
882.0626835525036,521.0571439662017
881.3417898751795,522.9156979780528
880.6134700477123,524.7933975332417
879.8897319793701,526.6592847406864
879.169326443132,528.5165802638003
878.4434328138829,530.3880247767083
877.7212367795407,532.2499364277464
876.9967098236084,534.1178574860096
876.2776558466255,535.9716685204185
875.552843619138,537.8403250444098
874.8313066609204,539.7005375148146
874.1058334767819,541.5708980676718
873.3854440629482,543.4281520252116
872.6585384368897,545.3022055923939
910.5950030867941,478.5191568173468
911.3260510742664,480.385662317276
912.0533615402062,482.2426252090372
912.7812859221943,484.10115554602817
913.5146728646941,485.9736328460276
914.2433962352574,487.83420315384865
914.9728984832764,489.69676208496094
915.6990307169965,491.55071672424674
916.4305383778177,493.418395858258
917.1429918698966,495.2809826284647
917.774103602115,497.18793894164264
918.3982706149109,499.07391121052206
919.0276439358131,500.97561477008276
919.6576968796551,502.8793718665838
920.2859223981038,504.77760724606924
920.9111548952758,506.6667989641428
921.5399094284512,508.56663280539215
922.1694254107191,510.46876742807217
922.7973367576487,512.3660535123199
923.4253394617699,514.2636156398803
923.8211975097656,516
921.8261860087514,516
919.8232445539907,516
917.8206182792783,516
915.8259707093239,516
913.8121504187584,516
911.8205994376913,516
909.8154344400391,516
907.8136504339054,516
905.8127069557086,516
903.8181710997596,516
901.8186181792989,516
899.8199470145628,516
897.8155839964747,516
896.0546371567249,515.835565328598
896.687707052976,513.9302934110165
897.315324080009,512.0414323173463
897.9493431976251,510.13330364599824
898.5772325433791,508.24362298846245
899.2062724493444,506.35047963261604
899.8369692377187,504.4523497633636
900.473300477434,502.5372625850141
901.101885057988,500.64548956556246
901.7328386105783,498.7465869449079
902.3618392481841,496.8535617701709
902.9958984374998,494.9453125
903.6744344112835,493.07393348403275
904.4072261364199,491.211831940338
905.1380718994141,489.35467529296875
905.8726161795785,487.48812032095157
906.6060025341994,485.62450776062906
907.3367121721803,483.76769702136517
908.0694639081019,481.9056970945094
908.8039620697498,480.03925931453705
909.5348836709745,478.18190995417535
959,462.1741669792682
959,464.17578994939686
959,466.1861705540214
959,468.1814587470144
959,470.1694373766368
959,472.16855756752193
959,474.17842757701874
959,476.17923406348564
959,478.17539321656295
959,480.1824791675899
959,482.1707501242345
959,484.16627038433217
959,486.1728120411608
959,488.1673839240393
959,490.1857040245086
959,492.1772154403443
959,494.180296103852
959,496.1747401987959
959,498.1709042917937
959,500.1798615264415
959,502.1664489186078
959,504.1731596020436
959,506.1805186646525
959,508.16903112852015
959,510.18125032485113
959,512.1819933205843
959,514.1671838696057
959,516.1778406845879
959,518.1784124155201
959,520.1784010478259
959,522.1859825104475
959,524.1796476348209
959,526.1794606963231
959,528.175298958351
959,530.1813479868288
959,532.1698345250043
959,534.1826093178242
959,536.1699638210412
959,538.1838931136299
959,540.1698861964105
959,542.1864892244339
959,544.1718978881836
959,546.1859828215092
960.1771926879883,547
962.1816557645798,547
964.1778982877731,547
966.1836049705744,547
968.1835737228394,547
970,546.814660936594
970,544.8276708587073
970,542.8162895529531
970,540.8201186512597
970,538.8291275389493
970,536.8196467277594
970,534.8237526849844
970,532.8231378495693
970,530.8144684867002
970,528.8195819854736
970,526.8237301409245
970,524.8252819474437
970,522.821259981487
970,520.8252005476388
970,518.8177155130543
970,516.8305904865265
970,514.8326981221326
970,512.8162648747675
970,510.8258277627756
970,508.82932832138613
970,506.82593178749084
970,504.82314020907506
970,502.83164094015956
969.9919505566359,500.82291224598885
969.9013793896884,498.8303465731442
969.8107320163399,496.83610435947776
969.7194490104448,494.8278782297857
969.6290579866618,492.8392757065594
969.5380531996489,490.83717039227486
969.4473525285721,488.8417556285858
969.3560828918125,486.83382361987606
969.2653562277555,484.837837010622
969.174186706543,482.8321075439453
969.0835394412279,480.8378677070141
969.05966796875,479.14630126953125
969.8153846502304,480.9992604404688
970.5719068329781,482.85419463855214
971.3254794806242,484.70189680345356
972.0803033243865,486.5526668049861
972.8332153678406,488.39874921922456
973.590397849679,490.255302419886
974.3430067259818,492.10064149159007
975.1001441866159,493.9570843037218
975.8539217654616,495.80528894416057
976.6123039085418,497.66478362190537
977.3702462166548,499.5231998581439
978.1231828927994,501.3693426698446
978.874612928601,503.2117913153197
979.63611477823,505.07893527354463
980.3889043997973,506.9247175187338
981.1445877138525,508.7775948753115
981.8993358809967,510.6281793235976
982.6563733380287,512.4843769345898
983.410870295437,514.3343454359274
984.164364684606,516.1818557170627
984.9167545320931,518.0266577469592
985.6781613130122,519.8935686040204
986.4292147908825,521.7350939584139
987.1867267578839,523.5924550313503
987.9404169730376,525.4404454627365
988.6963873952627,527.2940267864615
989.4477044194937,529.1361983362585
990.1845050358771,531.0035156536102
990.8643711853027,532.8928912353515
991.5382375271245,534.7698197741806
992.2391064643859,536.6330883026124
992.9937513173744,538.4851557798684
993.8264091333793,540.3131030830555
994.759056854248,542.0788360595703
995.8437425954266,543.7605788893998
997.1494866005703,545.2773679788411
998.7604505648836,546.4387409366667
1000.6844409038964,546.922973772185
1002.6764286521823,546.8131537664682
1004.5430966242311,546.0961831193697
1006.094950794736,544.8472149593849
1007.3214510748536,543.2652398569137
1008.2875606679918,541.5322481107712
1009.0980595259275,539.6966934745293
1009.80806892097,537.8250326246023
1010.4779469975083,535.9333994602412
1011.1577085233387,534.0603295330237
1011.8925781426207,532.2040125653148
1012.6207043099405,530.3498225212097
1013.3564194533229,528.4763069748878
1014.0838928222656,526.623779296875
1014.815609703958,524.7604454159737
1015.5474546900339,522.8967853143113
1016.2775748278899,521.0375175783411
1017.0119628085522,519.1673816824332
1017.7412927493867,517.3101262013661
1018.4719271156093,515.4495489710243
1019.2054312969657,513.581663690391
1019.9371461461513,511.71833498531487
1020.6628640176234,509.8702777220169
1021.3937530284148,508.0090520334197
1022.1264570748615,506.1432043147506
1022.8576200532989,504.2812809612369
1023.5912599044806,502.4130501942709
1024.3237123396666,500.5478432094678
1025.051098658485,498.6955372066004
1025.7832134313048,496.8311900867848
1026.5143885031575,494.9692359371111
1027.2446244190162,493.1096733697923
1027.9778535219793,491.24248858261853
1028.707833573171,489.3835775805637
1029.4344692498073,487.53318310528994
1030.1698905331268,485.66041588038206
1030.9021321105956,483.7957458496094
1031.6281412759422,481.9469467997551
1032.04296875,481.98828125
1032.1297073531896,483.9832691233605
1032.2169851064682,485.9906574487686
1032.3034261341672,487.9788010858465
1032.3909225221723,489.99121800996363
1032.4773018581327,491.9779427370522
1032.5642944574356,493.978772521019
1032.6509505843278,495.97186343953945
1032.7379151021596,497.9720473496709
1032.824668975547,499.96738643758
1032.9121331032366,501.9790613744408
1032.9983777999878,503.96268939971924
1033,505.9735255569685
1033,507.96826171875
1033,509.97896575927734
1033,511.96207098825835
1033,513.97314453125
1033,515.9778972864151
1033,517.9608677476645
1033,519.965779162274
1033,521.9711641448957
1033,523.9736763577384
1033,525.9723783198278
1033,527.9674470045429
1033,529.9743857744616
1033,531.9606866836548
1033,533.967285530729
1033,535.9683181068103
1033,537.959582378855
1033,539.9716052429285
1033,541.9620704760309
1033,543.9763235002756
1033,545.9794846326113
1033.9761766195297,547
1035.9767584055662,547
1037.968998035416,547
1039.9664672613144,547
1041.9696113523096,547
1043.9684448242188,547
1044,545.0240257550031
1044,543.0284312801377
1044,541.0229650586843
1044,539.0225170171761
1044,537.0203943070665
1044,535.0243197838718
1044,533.0353866063815
1044,531.0370985584741
1044,529.025642710505
1044,527.0310018913842
1044,525.0274969797756
1044,523.0399187041912
1044,521.0353345870972
1044,519.0206420747854
1044,517.0321797281504
1044,515.031664177488
1044,513.0392974596471
1044,511.0293550669412
1044,509.0369788527023
1044,507.03558708043784
1044,505.0291626507824
1044,503.0372441446816
1044,501.03266504667045
1044,499.0349711179733
1044,497.0327963709424
1044,495.0305191521802
1044,493.03271008019874
1044,491.0292876784042
1044,489.0259289238129
1044,487.0287361702249
1044,485.03024047156214
1044,483.038527055498
1044,481.02273726300336
1044,479.02221858882695
1044,477.02504001706257
1044,475.02536742339726
1044,473.02512502111495
1044,471.03610788445803
1044,469.0282224100083
1044,467.03115013358183
1044,465.02519500255585
1044,463.02887338376604
1043.0350130796432,462
1041.021095275879,462
1039.0244569778442,462
1037.0294824838638,462
1035.0212929837408,462.00993570283055
1033.0331495024266,462.088723603338
1031.0595214723237,462.40302214918654
1029.2947647726537,463.3208885228634
1028.044290933609,464.85187445640565
1027.119996797142,466.63420395056016
1026.3357288293541,468.4730510790646
1025.6026428179257,470.327041083891
1024.880871613219,472.1945061991853
1024.156117157545,474.06679414445534
1023.4235974831879,475.9347577898204
1022.6867753129079,477.78180074878037
1021.9410777854919,479.6430425643921
1021.2006621180055,481.4911009937059
1020.456657231152,483.34811802208424
1019.7124132249457,485.2057318862062
1018.9675819203258,487.06481163203716
1018.2247481370578,488.9189056160394
1017.4800782445074,490.7775824815035
1016.7354205464944,492.636228909716
1015.9914628386498,494.49312818050385
1015.248927166569,496.3464780866634
1014.5012397115539,498.2126867102925
1013.7623304063454,500.05698529817164
1013.0189733279124,501.9123854134232
1012.2744193543168,503.77077294816263
1011.5288273413154,505.63175140251406
1010.785209967196,507.48780120909214
1010.0106920832395,509.34203729987144
1009.2242662986462,511.1666875143535
1008.4298684386165,513.0002375109493
1007.6395223913341,514.8340207619965
1006.8503328002896,516.6909963559917
1006.086800230667,518.528320517391
1005.337795599323,520.3883403820103
1004.6221220915672,522.2427046234719
1003.9329667044337,524.1334713648073
1003.2946132374275,526.0280348912813
1002.7168321333733,527.946577791553
1002.2283319616317,529.8757348155975
1001.6676269292831,530.2032152414322
1000.9026270627975,528.3693114519119
1000.1286381339188,526.5138585402165
999.3602788273187,524.6719012983667
998.590771094925,522.8271909809846
997.821112977987,520.9821201527084
997.0469220716973,519.1261830485892
996.2820657452103,517.2926233618055
995.5112030893564,515.444664940238
994.742773219943,513.6025385409594
993.9739204198122,511.7593982666731
993.2017653940711,509.9083416981157
992.42960109454,508.0572628978698
991.6621724158526,506.21753661334515
990.8877854461316,504.3611294941511
990.1204717730637,502.52167890802957
989.3538715202361,500.68393857590854
988.5824121702462,498.83454972319305
987.8134315554053,496.99110304377973
987.0552962869406,495.12537863850594
986.3260731548071,493.27511098980904
985.5928163766861,491.4146087169647
984.8559195224661,489.54487043013796
984.1219912260771,487.6826643049717
983.3886361795012,485.82191269425675
982.6568037901073,483.9650245420635
981.920713026123,482.09733155881986
981.1903326649218,480.24412765726447
980.4546874207911,478.37756509752944
979.721674618125,476.51768186688423
978.9896654129028,474.66034507751465
978.2582554090768,472.8045286498964
977.5206922531128,470.9330997467041
976.7927680853754,469.08612797781825
976.0570659961086,467.2194211841561
975.3215161781758,465.35310075059533
974.5930713564157,463.50480791926384
973.614137634635,462
971.6066191587597,462
969.6210557371378,462
967.6168992426246,462
965.6119634581264,462
963.6024334896356,462
961.6128005981445,462
959.6065958738327,462
1055,463.38652624189854
1055,465.38968960382044
1055,467.39121329784393
1055,469.39098036289215
1055.3816804885864,471
1057.3960698843002,471
1059.3981081098318,471
1061.3815210654866,471
1063.3949655294418,471
1065.380982310744,471
1067.3936821222305,471
1069.3893197274301,471
1071.3870134407189,471
1073.382796689868,471
1075.3950569480658,471
1077.3892129492015,471
1079.3865937869996,471
1081.385337471962,471
1082,472.38399916887283
1082,474.3884071642533
1082,476.38962008513045
1082,478.3908824240789
1082,480.39531717449427
1082,482.3985188907245
1082,484.3905172435334
1082,486.37973403930664
1082,488.38828343804926
1082,490.3869631173584
1082,492.39780517912004
1082,494.3967197438469
1082,496.38613739039283
1082,498.38404722791165
1082,500.3835843205452
1082,502.3920679832663
1082,504.39000065717846
1082,506.3856262238696
1082,508.3877188647166
1082,510.39132507611066
1082,512.3914913544431
1082,514.3832641961053
1082,516.3890508477343
1082,518.3894863660244
1082,520.392201645649
1082,522.3905871246388
1082,524.3904172038165
1082,526.3831970086321
1082,528.3839883873006
1082,530.3919286754681
1082,532.3914213599637
1082,534.3861802258762
1082,536.3925425885245
1082,538.3927289685234
1082,540.3884486556053
1082,542.3886762121692
1082,544.3839079737663
1082,546.3882423043251
1083.3931576013565,547
1085.3901192098856,547
1087.3872140590101,547
1089.3981885910034,547
1091.3887251261622,547
1093,546.6092127040029
1093,544.6105260459008
1093,542.6132187629119
1093,540.6184273799881
1093,538.6128111081198
1093,536.6117330683628
1093,534.6201401352882
1093,532.6156332418323
1093,530.6026996448636
1093,528.6025199890137
1093,526.6084139052546
1093,524.6085510253906
1093,522.6133528071223
1093,520.6055378889432
1093,518.6193546244176
1093,516.6078081707237
1093,514.603839003481
1093,512.613304537721
1093,510.6138262460008
1093,508.6103576319292
1093,506.60785219911486
1093,504.61126345116645
1093,502.61180477145535
1093,500.6012043952942
1093,498.6123993394576
1093,496.61094244422566
1093,494.60429473628756
1093,492.6133378250379
1093,490.60893532399496
1093,488.60304007155355
1093,486.6090904260054
1093,484.60920194128994
1093,482.6047908979235
1093,480.60619133745786
1093,478.61758681747597
1093,476.6193254971877
1093,474.6145096644759
1093,472.60490315873176
1093.3958168029785,471
1095.387264251709,471
1097.390390866436,471
1099.3886689916253,471
1101.3819542517886,471
1103.3863763734698,471
1105.383097060956,471
1107.3896037219092,471
1109.3889727341011,471
1111.3835794935003,471
1113.3858620598912,471
1115.384279566817,471
1117.3968113064766,471
1119.3940310105681,471
1121,470.61328125
1121,468.6117939502001
1121,466.60546016693115
1121,464.60317289829254
1121,462.6186064481735
1119.6062683095224,462
1117.6134573412128,462
1115.612942506501,462
1113.6051407687482,462
1111.6139009408653,462
1109.6166326873936,462
1107.6041588862427,462
1105.6092280186713,462
1103.6161262025125,462
1101.6104186445227,462
1099.6172753064893,462
1097.6147571106558,462
1095.6006764431368,462
1093.607294282352,462
1091.6190054030158,462
1089.6188070441713,462
1087.613289117813,462
1085.6090415359358,462
1083.612654210534,462
1081.6069533363916,462
1079.6111524082153,462
1077.6095812955828,462
1075.6113290600479,462
1073.604298417922,462
1071.6119752232917,462
1069.6065938253887,462
1067.6083882725798,462
1065.604041814804,462
1063.611412484257,462
1061.6000421266071,462
1059.6147597641684,462
1057.6076064794324,462
1055.6112297475338,462